0 0.26328125 0.10703125 0.18359375 0.1703125
2 0.40234375 0.06484375 0.0984375 0.10703125
3 0.571875 0.06796875 0.146875 0.1
1 0.7421875 0.0671875 0.1015625 0.11171875
4 0.88359375 0.096875 0.1203125 0.15
4 0.90078125 0.38671875 0.1046875 0.1203125
1 0.7359375 0.35390625 0.1046875 0.10859375
3 0.5640625 0.36484375 0.1015625 0.103125
2 0.4171875 0.371875 0.0953125 0.11328125
0 0.246875 0.45078125 0.1703125 0.175
0 0.234375 0.75546875 0.21484375 0.21484375
2 0.4390625 0.7109375 0.11796875 0.11796875
3 0.584375 0.7125 0.125 0.125
1 0.77890625 0.7109375 0.1015625 0.11796875
4 0.92578125 0.72265625 0.13515625 0.14140625